without repartition x76:


x76
+--------------------+-------+
|SPARK_PARTITION_ID()|  count|
+--------------------+-------+
|                 429|4419192|
+--------------------+-------+

x79
+--------------------+--------+
|SPARK_PARTITION_ID()|   count|
+--------------------+--------+
|                 148|10634488|
|                 496|10842320|
|                 833|11966616|
|                 243|10349032|
|                 540|11067680|
|                 879|10874872|
|                  65|10822288|
|                 804|11558464|
|                 481|10962512|
|                 133|10429160|
|                 633|11891496|
|                 597|10556864|
|                 876|10474232|
|                 744|10995064|
|                 126|11268000|
|                 772|11390696|
|                 756|11606040|
|                 874|10316480|
|                 847|10987552|
|                  81|11693680|
|                 406|10664536|
|                 300|11465816|
|                 914|10767200|
|                  76|10717120|
|                 577|10141200|
|                 811|11160328|
|                 192|10762192|
|                  12|11105240|
|                 984|10879880|
|                 860|10391600|
|                 417|10366560|
|                 548|10471728|
|                 926|10579400|
|                 663|11095224|
|                 333|11065176|
|                 685|11025112|
|                 209|11092720|
|                 727|11080200|
|                 122|10584408|
|                 924| 9878280|
|                 599|10351536|
|                 539|12006680|
|                 177|10461712|
|                 140|11328096|
|                 444|10514296|
|                 774|10636992|
|                 912|10379080|
|                 473|11187872|
|                 603|11919040|
|                 581|10955000|
|                 206|10882384|
|                   1|11909024|
|                 992|11465816|
|                 442|10351536|
|                 474|11140296|
|                   6|10737152|
|                 205|10589416|
|                 998|11222928|
|                 142|11117760|
|                 178|11926552|
|                 972|12242056|
|                   3|11328096|
|                 328|10559368|
|                 500|10955000|
|                 359|10321488|
|                 295|11423248|
|                 881|10960008|
|                 250|10782224|
|                 647|11075192|
|                 969|11065176|
|                 620|11298048|
|                 545|10807264|
|                 732|10807264|
|                 840|11262992|
|                 266|11012592|
|                 268|12161928|
|                 191|11222928|
|                 959|12963208|
|                  92|11333104|
|                 836|10902416|
|                 299|10769704|
|                  64|10909928|
|                 579|11070184|
|                 598|11661128|
|                 936|10990056|
|                 764|10699592|
|                 425|11077696|
|                 447|10939976|
|                 607|10724632|
|                 484|11395704|
|                 112|10364056|
|                 358|11070184|
|                 189|11075192|
|                 207|11415736|
|                  37|10754680|
|                  61|11045144|
|                 523|11380680|
|                 937|10934968|
|                 531|11661128|
|                 547|11333104|
|                 263|11813872|
|                 107|10834808|
|                 609|12099328|
|                 324|11283024|
|                 505|11363152|
|                 695|11065176|
|                 498|10847328|
|                 850|10702096|
|                  35|10569384|
|                 485|10759688|
|                 456|10626976|
|                 884|11017600|
|                 960|11077696|
|                 813|10744664|
|                   4|10496768|
|                 684|11300552|
|                   8|10877376|
|                 757|10759688|
|                 161|11746264|
|                 629|11260488|
|                 520|10208808|
|                 877|11197888|
|                 624|11222928|
|                 446|12169440|
|                 238|11032624|
|                 244|10679560|
|                 136|10611952|
|                  87|11237952|
|                 331|11020104|
|                 465|10912432|
|                 438|11288032|
|                 448|11533424|
|                 928|11035128|
|                 524|11170344|
|                 533|11190376|
|                 403|10499272|
|                 509|11012592|
|                 589|11413232|
|                 750|10141200|
|                 527|10694584|
|                 404|11132784|
|                 977|10967520|
|                 320|11578496|
|                 946|10987552|
|                 261|10702096|
|                 889|10975032|
|                 591|10682064|
|                 895|11245464|
|                 818|10884888|
|                 408|12166936|
|                 921|10206304|
|                 528|10784728|
|                 653|12124368|
|                 323|10752176|
|                 941|11293040|
|                 678|11130280|
|                 345|10922448|
|                 767|10083608|
|                  60|11197888|
|                 371|10932464|
|                  90|10611952|
|                 265|10339016|
|                 640|10894904|
|                 414|10546848|
|                 141|10929960|
|                 151|11500872|
|                 334|11886488|
|                 943|10929960|
|                 680|11285528|
|                 735|10949992|
|                 639|11145304|
|                 574|11177856|
|                 354|10529320|
|                 536|10995064|
|                 304|10829800|
|                 298|12262088|
|                 913|11308064|
|                 753|10902416|
|                 865|10218824|
|                  11|10499272|
|                  33|11678656|
|                 413|12191976|
|                 110|10927456|
|                  83|10662032|
|                 561|11160328|
|                 123|11140296|
|                 373|11275512|
|                 135|10934968|
|                 337|10807264|
|                 892| 9915840|
|                 962|11192880|
|                 999|11217920|
|                 365|11716216|
|                 571|11398208|
|                 985|10772208|
|                  99|11545944|
|                  66|10709608|
|                 311| 9793144|
|                 873|11365656|
|                 964|10631984|
|                 996|11643600|
|                 174|11197888|
|                 716|11067680|
|                 551|11606040|
|                 705|10639496|
|                 144|11581000|
|                 670|11403216|
|                 949|12004176|
|                  74|11122768|
|                 104|10546848|
|                 643|11448288|
|                 841|10814776|
|                 134|10454200|
|                 991|12322184|
|                 878|11050152|
|                  36|11162832|
|                 471|10682064|
|                 737|10809768|
|                  31|11205400|
|                  85|10369064|
|                 883|10712112|
|                 898|10722128|
|                  53|11393200|
|                 588|10842320|
|                 853|11611048|
|                 362|11398208|
|                 375|11055160|
|                  34|10186272|
|                 211|11378176|
|                 796|10852336|
|                 210|11012592|
|                 762|10729640|
|                 688|10965016|
|                 384|11090216|
|                 831|11338112|
|                  44|11498368|
|                 271|11796344|
|                 743|10982544|
|                 103|10744664|
|                 460|10757184|
|                 329|10902416|
|                 602|11090216|
|                  91|11738752|
|                 409|11545944|
|                 707|10626976|
|                 285|10727136|
|                 604|10949992|
|                 330|10261392|
|                 686|10619464|
|                 225|11285528|
|                  93|11187872|
|                 758|11596024|
|                 111|11631080|
|                 519|12071784|
|                 556|11969120|
|                 671|10667040|
|                 132|10123672|
|                 696|10717120|
|                 355|10494264|
|                 747|11195384|
|                 694|11443280|
|                 882|10987552|
|                 906|11593520|
|                 955|10807264|
|                 435|10429160|
|                 146|10657024|
|                 274|10576896|
|                 792|11107744|
|                 348|11127776|
|                 280|11237952|
|                 852|11293040|
|                 867|11087712|
|                 470|11308064|
|                 283|11535928|
|                 692|10561872|
|                  94|11182864|
|                 920|10496768|
|                  57|11100232|
|                 306|11493360|
|                  54|10774712|
|                 120|10819784|
|                 634|11207904|
|                 279|11646104|
|                  19|10454200|
|                 430|11706200|
|                 542|11758784|
|                 826|11440776|
|                 886|11643600|
|                 904|10544344|
|                 347|11175352|
|                 327|12044240|
|                 849|11475832|
|                 366|11463312|
|                 675|10877376|
|                 590|11375672|
|                 461|10782224|
|                 197|11979136|
|                 462|11631080|
|                 619|11708704|
|                 374|10524312|
|                 552|11105240|
|                 387|11045144|
|                 721|11473328|
|                 594|10679560|
|                 677|10829800|
|                 900|10541840|
|                 742|11613552|
|                 838|10727136|
|                 829|10862352|
|                 217|11052656|
|                 986|10939976|
|                 823|10466720|
|                 114|10098632|
|                 494|11691176|
|                 890|11037632|
|                  59|11340616|
|                 445|11781320|
|                  55|11698688|
|                 495|10907424|
|                 100|10591920|
|                 930|11776312|
|                 987|11177856|
|                  23|10857344|
|                 176|10904920|
|                 672|11047648|
|                 162|10276416|
|                 453|10536832|
|                 824|10476736|
|                 343|11846424|
|                 171|11197888|
|                 443|10369064|
|                  51|11686168|
|                 166| 9888296|
|                 467|12141896|
|                 400|11040136|
|                 693|11400712|
|                 264|11278016|
|                 389|11030120|
|                 239|11848928|
|                 982|11951592|
|                 395|10339016|
|                 779|11130280|
|                 907|10158728|
|                 102|11252976|
|                 848|11262992|
|                 518|10957504|
|                 293|10652016|
|                 938|11185368|
|                 793|11756280|
|                 759|12141896|
|                 181|11678656|
|                  82|11125272|
|                 288|11300552|
|                 167|11663632|
|                 945|11303056|
|                 289|12307160|
|                 237|10499272|
|                 893|11510888|
|                  70|10817280|
|                 125|11062672|
|                 730|10804760|
|                 351|11520904|
|                 143|10807264|
|                 482|11771304|
|                 411|10206304|
|                  95|11711208|
|                  21|10506784|
|                 338|11721224|
|                  98|10061072|
|                 595|10426656|
|                 490|10957504|
|                 828|10316480|
|                 752|10569384|
|                 809|11015096|
|                 990|11363152|
|                 662|11260488|
|                 221|11555960|
|                 712|10561872|
|                 899|11010088|
|                 953|10677056|
|                 200|10699592|
|                 272|11575992|
|                 487|11756280|
|                 109|11037632|
|                  56|11182864|
|                 655|11428256|
|                 303|10832304|
|                 170|10629480|
|                 708|12044240|
|                  58|11340616|
|                 888|11207904|
|                 369|11305560|
|                  14|10374072|
|                 349|11082704|
|                 344|12377272|
|                 424|10391600|
|                 454|11896504|
|                 965|10794744|
|                 199|10899912|
|                 902|10842320|
|                 765|11095224|
|                 124|10416640|
|                  30|10827296|
|                 313|11050152|
|                 275|11273008|
|                 802|10829800|
|                 186|11395704|
|                 628|11085208|
|                 632|10817280|
|                 681|11030120|
|                 917|11100232|
|                 521|10416640|
|                 701|11142800|
|                 422|10491760|
|                 623|10226336|
|                 392|11428256|
|                 137|10662032|
|                 251|11222928|
|                 296|10857344|
|                 513|11803856|
|                 322|10942480|
|                 857|11237952|
|                 321|11423248|
|                 974|10882384|
|                 961|10882384|
|                 593|11065176|
|                 976| 9990960|
|                 683|10561872|
|                 193|11373168|
|                 497|10591920|
|                 596|11135288|
|                 412|10919944|
|                 784|11293040|
|                 731|10864856|
|                 988|11535928|
|                 844|10862352|
|                 350|10228840|
|                 336|11015096|
|                 738|10967520|
|                 223|11911528|
|                 601|10662032|
|                 128|11388192|
|                 319|10404120|
|                 230|10151216|
|                 493|11621064|
|                 625|11550952|
|                 232|11000072|
|                 725|11250472|
|                 861| 9820688|
|                 360|11140296|
|                  47|12269600|
|                 665|10506784|
|                 152|11420744|
|                 305|11125272|
|                 353|11062672|
|                 325|11946584|
|                 748|11648608|
|                 704|11420744|
|                  52|10434168|
|                 212|10904920|
|                 674|11202896|
|                 218|10734648|
|                  16|11167840|
|                 168|11798848|
|                  20|10664536|
|                 429|10546848|
|                 139|11200392|
|                 431|11575992|
|                 570|11591016|
|                 966|11045144|
|                 983|10834808|
|                 339|10967520|
|                 871|11255480|
|                 452|10899912|
|                  48|11575992|
|                   5|11040136|
|                 397|11473328|
|                 419|11105240|
|                 560|10371568|
|                 415|11230440|
|                 641|10491760|
|                 117| 9933368|
|                  15|12422344|
|                  43|10982544|
|                 929|12176952|
|                 269|11558464|
|                 615|11375672|
|                 165|10444184|
|                 854|11125272|
|                 862|11673648|
|                 489|12004176|
|                 127|10777216|
|                 819|10444184|
|                 979|11666136|
|                  88|10967520|
|                 202|10544344|
|                 564|12214512|
|                 586|11105240|
|                 398|11212912|
|                 175|11826392|
|                 423|11611048|
|                 739|10298952|
|                 568|11237952|
|                 870|11235448|
|                 948|11858944|
|                 290|11237952|
|                 766|11260488|
|                 307|10764696|
|                 229|10404120|
|                 278|10867360|
|                 241|11488352|
|                 449|10904920|
|                 679|10028520|
|                 719|11245464|
|                 380|11077696|
|                 791|11408224|
|                 958|10444184|
|                 627|10849832|
|                 691|10799752|
|                 247|11370664|
|                 664|10624472|
|                 728| 9657928|
|                 956|10621968|
|                 994|10624472|
|                 794|10894904|
|                 532|11375672|
|                 129|11663632|
|                 543|11425752|
|                 661|10952496|
|                 635|12101832|
|                 459|11743760|
|                 814|10995064|
|                  50|11410728|
|                 769|10982544|
|                 812|10624472|
|                  38|11578496|
|                 249|10947488|
|                 510|11110248|
|                 703|12292136|
|                 576|11530920|
|                  80|10719624|
|                 240|11368160|
|                  25|10882384|
|                 816|11190376|
|                  24|11498368|
|                 480|11250472|
|                 219|10942480|
|                 740|12234544|
|                 477|10667040|
|                 390|10849832|
|                 710|10329000|
|                 550|11072688|
|                 352|10416640|
|                 195|11025112|
|                 287|11285528|
|                  75|11353136|
|                 630|11711208|
|                 782|10118664|
|                 608|11295544|
|                 940|10624472|
|                 534|10702096|
|                 702|10471728|
|                 612|10677056|
|                 105|10844824|
|                 188|11140296|
|                  68|12074288|
|                 567|11969120|
|                 525|10619464|
|                 147|12219520|
|                 910|12232040|
|                 805|10934968|
|                 317|11125272|
|                 975|11583504|
|                 971|11721224|
|                 832|11227936|
|                 158|11465816|
|                 284|10772208|
|                 270|11343120|
|                   2|12802952|
|                  79|11280520|
|                 803|10326496|
|                 149|11398208|
|                 773|10571888|
|                 820|11047648|
|                 357|11265496|
|                 722|10586912|
|                 281|11283024|
|                 942|11187872|
|                 682|10048552|
|                 405|10854840|
|                 562|11440776|
|                 252|11778816|
|                 399|10822288|
|                 153|11235448|
|                 745|12001672|
|                 947|10754680|
|                  18|10649512|
|                 932|12004176|
|                 963|11435768|
|                 208|10744664|
|                 954|10774712|
|                 187|11090216|
|                  89|11298048|
|                 858|10837312|
|                 808|10106144|
|                 580|11553456|
|                 458|10927456|
|                 255|12056760|
|                 970|11280520|
|                 799|10682064|
|                  78|10579400|
|                 673|11065176|
|                 155|11120264|
|                 368|11498368|
|                 939|10609448|
|                 830|11012592|
|                  28|11581000|
|                 183|11596024|
|                 787|10937472|
|                 587|11117760|
|                 723|10664536|
|                 332|11483344|
|                 501|10216320|
|                  27|11488352|
|                 916|10156224|
|                 908|11032624|
|                 159|11022608|
|                 253|11368160|
|                 806|11072688|
|                 236|10822288|
|                 973|11047648|
|                 388|11045144|
|                 578|11010088|
|                 875|10213816|
|                 372|11040136|
|                 157|10985048|
|                 233|11488352|
|                 855|10869864|
|                 476|11005080|
|                 224|11032624|
|                 618|10934968|
|                 935|11142800|
|                 259|10827296|
|                 896|10854840|
|                 770|11728736|
|                 182|11731240|
|                  13|10664536|
|                 636|11733744|
|                  86|11846424|
|                 887|11005080|
|                 572|11575992|
|                  40|10789736|
|                 169|11771304|
|                 340|10837312|
|                 402|10424152|
|                 582|11473328|
|                 377|11202896|
|                 676|11087712|
|                 292|11971624|
|                 923|11242960|
|                 559|10734648|
|                 646|10847328|
|                  96|11358144|
|                 235|10909928|
|                 258| 9878280|
|                 729|11453296|
|                 754|10574392|
|                 989|11077696|
|                 553|10256384|
|                 780|10922448|
|                 227|11255480|
|                 309|10907424|
|                 845|10947488|
|                 262|11105240|
|                 775|11010088|
|                 843|10664536|
|                 179|10619464|
|                 659|12367256|
|                 903|10218824|
|                  17|11070184|
|                  72|10834808|
|                 286|10546848|
|                 538|11162832|
|                 746|11115256|
|                 381|11475832|
|                 610|10629480|
|                 761|11195384|
|                 583|11145304|
|                 503|11125272|
|                 614|12041736|
|                 880|10554360|
|                 310|11030120|
|                 698|10136192|
|                 196|10922448|
|                 437|10519304|
|                 834|11227936|
|                 733|11040136|
|                 800|10779720|
|                 326|11050152|
|                 173|10586912|
|                 713|11588512|
|                 717|12274608|
|                 687|11525912|
|                 555|10534328|
|                  39|10907424|
|                 736|10471728|
|                 549|10401616|
|                   7|11185368|
|                 130|11180360|
|                 649|11588512|
|                 585|11343120|
|                 277|10667040|
|                 957|11130280|
|                 706|11410728|
|                  63|11959104|
|                 361|11245464|
|                 771|11608544|
|                 951|11611048|
|                 817| 9743064|
|                  45|11428256|
|                 394|10469224|
|                 245|11450792|
|                 427|11025112|
|                 763|11455800|
|                 113|10331504|
|                 795|10864856|
|                 645|10987552|
|                 121|10023512|
|                 156|11723728|
|                 967|11300552|
|                 697|10747168|
|                  29|10424152|
|                 651|10364056|
|                 226|11190376|
|                 526|11520904|
|                 558|10536832|
|                 464|12069280|
|                 214|10707104|
|                 492|11308064|
|                 866|11781320|
|                 256|10459208|
|                 714|10907424|
|                 911|10982544|
|                 933|10787232|
|                 790|11373168|
|                 863|11505880|
|                 469|10699592|
|                 621|11463312|
|                 457|11708704|
|                 835|11155320|
|                 859|11072688|
|                 433|10451696|
|                 592|10541840|
|                 145|10449192|
|                 378|11400712|
|                 228|11270504|
|                 478|11045144|
|                 997|11212912|
|                 426|10717120|
|                 668|11693680|
|                 837|10699592|
|                 204|11142800|
|                 150|10426656|
|                 541|11185368|
|                 260|10216320|
|                  71|11683664|
|                 638|11180360|
|                 342|10892400|
|                 690|10919944|
|                 242| 9788136|
|                 522|11545944|
|                 248|11212912|
|                 499|11212912|
|                 909|10504280|
|                 119|10827296|
|                  42|10619464|
|                 201|11152816|
|                 778|11177856|
|                 131|10449192|
|                 276|12219520|
|                 905|10699592|
|                 529|11155320|
|                 294|11120264|
|                 573|10584408|
|                 118|11430760|
|                 184|10213816|
|                 652|10934968|
|                 901|10764696|
|                 815|10847328|
|                 605|11646104|
|                  46|11550952|
|                 282|10369064|
|                 535|10907424|
|                 894|10952496|
|                 616|11308064|
|                 410| 9995968|
|                 215|10712112|
|                 785|10774712|
|                 420|11105240|
|                   0|11262992|
|                 755|11443280|
|                 934|10812272|
|                 468|11273008|
|                 483|11688672|
|                 656|11433264|
|                 584|10872368|
|                 407|11222928|
|                 788|10734648|
|                 393|10874872|
|                 463|11330600|
|                 897|10957504|
|                 516|10894904|
|                 451|10927456|
|                 472|10481744|
|                 918|11012592|
|                 613|11288032|
|                 108|11182864|
|                 950|10752176|
|                 530|10556864|
|                 642|11300552|
|                 115|10584408|
|                 101|10654520|
|                 385| 9933368|
|                 436|11350632|
|                 842|11355640|
|                 667|11535928|
|                  26|10168744|
|                 626|11588512|
|                 606|10381584|
|                 822|10536832|
|                 222|11040136|
|                 995|10839816|
|                  22|11488352|
|                 190|10599432|
|                 367|11065176|
|                 246|11305560|
|                 346|10814776|
|                 654|10591920|
|                 711|11470824|
|                 416|11651112|
|                 827|10611952|
|                 185|10349032|
|                 291|10501776|
|                 386|11833904|
|                 660|10975032|
|                 797|12322184|
|                 512|11430760|
|                 363|11095224|
|                 777|10644504|
|                 768|11162832|
|                 297|11525912|
|                 715|11180360|
|                 631|10924952|
|                 699|11816376|
|                 689|10867360|
|                 440|11007584|
|                 734|11408224|
|                 760|11080200|
|                 925|11012592|
|                 308|11716216|
|                 164|10852336|
|                 839|10669544|
|                 479|11418240|
|                 980|11182864|
|                 432|11165336|
|                 868|11495864|
|                 919|11954096|
|                 944|11230440|
|                 491|11283024|
|                 846|11170344|
|                 776|11177856|
|                 650|10774712|
|                 544|11348128|
|                 507|11966616|
|                 163|10889896|
|                 709|11187872|
|                 644|10163736|
|                 257|10268904|
|                 554|10566880|
|                 504|10774712|
|                 931|10419144|
|                  41|10727136|
|                 154|11132784|
|                 455|11170344|
|                 511|12822984|
|                 563| 9725536|
|                 666|11152816|
|                 383|10018504|
|                 316|11057664|
|                 502|11550952|
|                 993|11177856|
|                 486|10970024|
|                 318|10461712|
|                 891|11591016|
|                   9|11866456|
|                 231|11195384|
|                 441|10601936|
|                 537|11388192|
|                 810|11333104|
|                 301|11298048|
|                 669|11565976|
|                 220|11107744|
|                 450|10937472|
|                 922|10934968|
|                 981|11508384|
|                  49|11668640|
|                 514|10531824|
|                 637|10912432|
|                 648|11453296|
|                  84|10496768|
|                 720|11811368|
|                 856|10937472|
|                 314|11142800|
|                 565|10727136|
|                 434|11298048|
|                 273|11448288|
|                 439|10451696|
|                 428|11005080|
|                 194|10909928|
|                 821|10283928|
|                 391|11863952|
|                  69|11448288|
|                  97|10318984|
|                 312|10446688|
|                 869|11045144|
|                 234|10749672|
|                 885|11575992|
|                  77|10544344|
|                  10|11788832|
|                 658|11155320|
|                 267|11132784|
|                 569|10982544|
|                 216|11050152|
|                 952|10764696|
|                 418|11247968|
|                 364|11295544|
|                 356|10654520|
|                  73|12149408|
|                 160|11142800|
|                  62|11616056|
|                 396|10814776|
|                 968|11696184|
|                 789|10594424|
|                 741|11127776|
|                 335|11212912|
|                 798|11591016|
|                 622|11435768|
|                  32|10374072|
|                 786|11022608|
|                 382|10877376|
|                 203|11440776|
|                 341|11255480|
|                 724|10834808|
|                 801|11668640|
|                 978|10166240|
|                 751|10316480|
|                 515|11192880|
|                 488|10779720|
|                 376|10722128|
|                 254| 9868264|
|                 213|10626976|
|                 749|10591920|
|                 718|10772208|
|                 807|10787232|
|                 611|11373168|
|                 783|10844824|
|                 370|11212912|
|                 726|10972528|
|                 575|10649512|
|                 421|10924952|
|                 872|11418240|
|                 781|11350632|
|                 508|10697088|
|                 825|10636992|
|                 106|10769704|
|                 116|11025112|
|                 600|11911528|
|                 198|10501776|
|                 546|10624472|
|                 657|11360648|
|                 379|11375672|
|                 566|11160328|
|                 466|10186272|
|                 506|11050152|
|                 302|11195384|
|                 557|10874872|
|                 915|10882384|
|                 700|10719624|
|                  67|11205400|
|                 172|10807264|
|                 864|11919040|
|                 851|11540936|
|                 927|11748768|
|                 475|11949088|
|                 138|10862352|
|                 180|11418240|
|                 617|10824792|
|                 315|11095224|
|                 401|10491760|
|                 517|10985048|
+--------------------+--------+

test,tpch,/Users/jac/shredder/executor/spark/data/tpch/,1513404,query,app-20200714073044-0116
test,tpch,/Users/jac/shredder/executor/spark/data/tpch/,1513404,total,app-20200714073044-0116
